1001 0 0dee4912d1243004f7e1312d7427f15a 3
1001 0 2205bcaee62bfcc0ddf243b1308b93fb 3
1001 0 9b498dab3028df4732d858e75ff9ecdc 3
1001 0 ad9e7b54fd507182c05e5c2dbb39d08d 3
1001 0 ce23487b20582829cfb84c40435e2427 3
1001 0 d3d12828855d0d7ab690fd5099a93528 3
1001 0 d4fb83ba3a5f7b627467d5416845b44d 3
1001 0 e483828e83425b2f81b92d8c6047daa4 3
1001 0 ec998d18c6f5e2c6d4a7979ce5e7f4e0 3
1001 0 f9ab94db9dcba8ed01e123d41cbeb498 3
1001 0 fa721158f88f714426fc5102602cc8c1 3
1002 0 0346e99222c526e932166498aeef92dd 3
1002 0 06e094d97ad3fc63f2782c039f211403 3
1002 0 0e7530199e852ca737a2b87b33d5c147 3
1002 0 108131234b8fb9fb1aff0b86a6897906 3
1002 0 20c6fd95be7e418be3c86d644126425c 3
1002 0 511450731081a2612aa5754d25b9d0e9 3
1002 0 9da690c3f05db19df7ebdc5d7d77447e 3
1002 0 9efe2e3d7caa53458fd95bdb0e812866 3
1002 0 ad4d9178b1afd0fc2c004ba2a3c9f39d 3
1002 0 c287b2ab360b757b62c7ad2e0460ef99 3
1002 0 ec998d18c6f5e2c6d4a7979ce5e7f4e0 3
1003 0 0ff76692176a2d8bd0094db7fd34251d 3
1003 0 594b5b9cfe609f4e7391ffcfdb7a4511 3
1003 0 6a084659b75ed5d8e9d33cb41d653c1c 3
1003 0 8c08f14062fc0dceb7afc214313ed5bf 3
1003 0 9060e00e62cc86c0fdc72b7353869b9e 3
1003 0 942b8ca9325a0eae88bf79fa2fbdddf8 3
1003 0 ac28feedcec7381da47e911771d5ea30 3
1003 0 aca6aac096a4088f49b5d3b909b767f3 3
1003 0 cc14b2f2c8c8b007f4850c7a63c69c20 3
1003 0 dc3922a6b7e65360648366edff475758 3
1003 0 dc5ed7aaec79b1a3feeb5fbc892d44aa 3
1004 0 08dc44833aa39932009fadb97927a500 3
1004 0 1ebef087ba4ccdcdaec62871bd25bf94 3
1004 0 1ec18407c8a00351920e1a70bde4123a 3
1004 0 5e1605c6b88ec430f183988be784568f 3
1004 0 5e83f641013633fc7fa88e3dc29c7648 3
1004 0 78808dd98645b0e399cd40bfd11b4a67 3
1004 0 8c08f14062fc0dceb7afc214313ed5bf 3
1004 0 9837d95fd0e85b9a57045b33c703dcf7 3
1004 0 c154e7d5df17268e3118b877b8632a5f 3
1004 0 e274944563f991506921e2cecb3712b6 3
1004 0 f2b9e826fa157f3a723d63a8bd201b02 3
1005 0 188cc060e76c753ebbe8cc30ca5f8e9f 3
1005 0 1aa702a10094bcbaa42a007423e08f21 3
1005 0 490420f35bd59aa302d61285a8ee7d5d 3
1005 0 5c9998ff2bc57cc9d3e0f53ec688051f 3
1005 0 7556f953678cfca248442113c7eb4b60 3
1005 0 7ab7230fa8d630e5f50d3d9248f890ef 3
1005 0 7c130c2c72fa48be56eaedf64cdadfd9 3
1005 0 93fe76c414f31b7187f64148a0ece873 3
1005 0 d0d467ad2e270a3e992bc543d3550d97 3
1005 0 e1f70abc760729df77dd7b05eac8c77e 3
1005 0 ed372121f8ef173eceb36e617477e660 3
1006 0 06d5852512f0a132a99371123c13d2ec 3
1006 0 1464eca8b59a90c833491398add6e2b4 3
1006 0 1880bf204fa43bd9035ab91928036c6c 3
1006 0 274ca97248cc1a5e5c02ae9ba6d1525c 3
1006 0 701b43ed84197ca98a6f9e4cdcc23cec 3
1006 0 7ab7230fa8d630e5f50d3d9248f890ef 3
1006 0 900734d78d0aa6d50a1884ef28133a7d 3
1006 0 9fc33c5ed194b2d492d38e048cc91a3a 3
1006 0 a15ceb14f6a8e756bb99b6dac49bed58 3
1006 0 c7ca95ce4c48fe3e16f8a54034cf071b 3
1006 0 da9daf95f4f0ac5ebfc2b6b6a6bbf58f 3
1007 0 0a40521c45807fe4e1579ee445928b3d 3
1007 0 0f5a756d0ba6327348925530a1f1cba5 3
1007 0 27f5df929302e5b1568ce8cedc736f28 3
1007 0 36671f6c116f50b923b7595834fe7227 3
1007 0 400752670256a3093aef81c774318f33 3
1007 0 413315d0503a9c5ff1cf5281aebc792a 3
1007 0 5e5684b8b265cd99ed4f23797a5f6277 0
1007 0 a83ce19211d9e8541b41f8651e95cb5c 3
1007 0 ae5a97fe041055e73c22c4e84df50a0c 3
1007 0 b10d1e06b763d3c865cabe33b168c1c5 3
1007 0 b1ea554927d9b3b43e6c2e5b6b7035ad 3
1008 0 0919aad5706566f3b05dba1be2bd0e1d 3
1008 0 2bb5940d0a33c565fe98c7d504d200c9 3
1008 0 4b8a135acdaab267938047f5f5f74e59 3
1008 0 5e5684b8b265cd99ed4f23797a5f6277 0
1008 0 70cc65967b6185d39abefa2d2f548454 3
1008 0 7220df0190f2c83097dfc5b32dbaa076 3
1008 0 92e2e1096085c361714b0f8c10aab545 3
1008 0 a83ce19211d9e8541b41f8651e95cb5c 3
1008 0 b32ccdacc4c2fb7fe6ad277adce2a358 3
1008 0 dbcad237fd5b8a72204d3c0fd27843f1 3
1008 0 ee542382613879b3163a644119e74987 3
1009 0 1508364518c54317b686190b644df80a 3
1009 0 1aeb6741f0a218adeaa638a10842b687 3
1009 0 2961f6ae481471a23b64df2f63a16f1b 3
1009 0 3256893fe534c578d61c91cf4e4786d7 3
1009 0 5e5684b8b265cd99ed4f23797a5f6277 0
1009 0 92e58c1bff2611b049498965d03b7265 3
1009 0 95f0ddb742f3a47b3dd0b998bf795d15 3
1009 0 9c4ac0c51577503535da082b753e50b8 3
1009 0 a3da24aeb3b1e0b9eff18a485d1fc083 3
1009 0 da71f2ceb0c436fafd3fc5b2bf8b2b8a 3
1009 0 dcc79c21b81de66fd94a6e21f7d27693 3
1010 0 4d1ce4b0e607fa0848628d1e43fa6de3 3
1010 0 630156abb6b07eae9b6cfbcb1d1aaec2 3
1010 0 69b4f2ffe297c45c9d6811cd70f2ae82 3
1010 0 7868aebc8f0f22d4f5d6d25367172211 3
1010 0 8da69f6484acb445360fa38a783e74b3 3
1010 0 a7af62a7cb7846011f12f880d61d6ba4 3
1010 0 b2f415d3e062e56cd69827d99a688180 3
1010 0 ced67a75a5c3c4890e5b946fc71fc873 3
1010 0 dcc79c21b81de66fd94a6e21f7d27693 3
1010 0 e9a86494a4ffe1624365d5d7af8f6200 3
1010 0 ead7b38e9d855f9cd525549b1f512cb2 3
1011 0 032e5d2dd32e84f42d1c5866f859862c 3
1011 0 26c20593c57c6c7927e5700a72ffad7a 3
1011 0 3b3383d45c48263fb33ddf471711a3b4 3
1011 0 4d8d5d973fb2e5ed949f312b2bb1f5ef 3
1011 0 6887a4b23ca4ced7842bb2b788daf36c 3
1011 0 6da13c35fa25b6067bae663837e2849d 3
1011 0 92f33b59c38b49c8ac24c1da2a4801dd 3
1011 0 9dc4aa01ea0fc4f7c5b74639a93c1c27 3
1011 0 a552fb09b7912e0fe0bf48c30c7ec43a 3
1011 0 a7ff29233c41b1dbd3a3248f21fabb10 3
1011 0 e2a04b8cc47b453a194790b19dd83b17 3
1012 0 05a2c27721498e32bc4fc141487f902b 3
1012 0 17cbae7a1c278df4713c830d91bd4056 3
1012 0 2f0fc2e1d257adb848994affe9b597ec 3
1012 0 3441bc6512195c8fe9ca174b4567b8b7 3
1012 0 555ee5a57b1b8925d8543b8b6219208d 3
1012 0 8586694d1e093ef80595aa5035adbf10 3
1012 0 90d0e9523073a0df3d31bfdfb991dbe6 3
1012 0 94e0670bb489d05c7c4ef5ea10168759 3
1012 0 c4253ed183904dee3aec65ae61fecc76 3
1012 0 e2a04b8cc47b453a194790b19dd83b17 3
1012 0 e31bf1f12d7b1b5236f0c03285ba7b86 3
1013 0 06364dc29410b9d84e3c3a8c73fcf8a2 3
1013 0 116696f65ef990fcc76638cd6275eeb2 3
1013 0 5e5684b8b265cd99ed4f23797a5f6277 0
1013 0 6e8d2c301e8d56a45d7c2dac645a5a33 3
1013 0 7ef9dbd73bd1e015e4ed7328f2a770a1 3
1013 0 94091424548f08f2602e36e507e61fb6 3
1013 0 b04c3cb753541473f0d5cb944580807b 3
1013 0 b11eb9205d58fcdb550fd2b973c561cf 3
1013 0 b58848e073b82e12125d1e2ba80047e8 3
1013 0 cc1382ed2c91c225dfeeb1549f20e03b 3
1013 0 e231e64f09bce3e899ed7f12df361c58 3
1014 0 06364dc29410b9d84e3c3a8c73fcf8a2 3
1014 0 0dadeefe1cc370f908a19ca0bfe25957 3
1014 0 201befc4b16916698baea27e01ae943c 3
1014 0 2d7d535ef670bc89ce97a9339960b25d 3
1014 0 4951132add0dcf539b4afa5fbaa78b7d 3
1014 0 6db29f1b7e901d4f0025978a5117bc8b 3
1014 0 70b644c2cc5503e839d403042622b234 3
1014 0 7b562aecad9b078858bae88a513f9147 3
1014 0 8309cabc06ac15617e54fd259163ee0a 3
1014 0 ce8d73df53582375a13b799546152c3a 3
1014 0 edf8bfdab968c1c86f15c2cad66257dc 3
1015 0 026318feb66f32badb5b87282d27cd47 3
1015 0 0c9bacc2be471918007c75ee5b49caa5 3
1015 0 220fb40aee1392d14082ca0dbd26fab8 3
1015 0 249e930f5ed1c0c087e635c354ceb557 3
1015 0 5e5684b8b265cd99ed4f23797a5f6277 0
1015 0 70e7a32e301e49497b4f26504e3a69ac 3
1015 0 876a3c736620e2e4ed90fc2122534823 3
1015 0 8e756914fc7e0b99a9ece8882c6a0aee 3
1015 0 a7043ce62848aec6e0e34187bebf461c 3
1015 0 c9fc04ef5c0b41dad74b68be93911c51 3
1015 0 ccc74ed4f5fc06c38e35a7e6956363ea 3
1016 0 220fb40aee1392d14082ca0dbd26fab8 3
1016 0 44fc328edea722e1cf5c85a1f09734fb 3
1016 0 46e126053798174a10118e44b18a0d17 3
1016 0 5a6d6322dfd87a55e73ee5806f9f91f8 3
1016 0 5e5684b8b265cd99ed4f23797a5f6277 0
1016 0 8a7ca5274335ee30e87f7435bc603b4b 3
1016 0 90371deb0531470436bf4697ce91ada0 3
1016 0 9c378b8d225c5431db2c3ddac2f3fd5e 3
1016 0 b13f86b603e9dc5294031cf76e0f2463 3
1016 0 b59be54282b658c44ff9fe0f7655a14d 3
1016 0 e878f493a4dce6beb5f1a94112cf5cb4 3
1017 0 0222ae9ef197343f4c1abc88a3d64b5e 3
1017 0 262ee1a837e3dd91b22176d35d321707 3
1017 0 3f7d1e347b4d8ebd552e5e2f2560edd7 3
1017 0 423333f170611ac66f25d25ecf51c828 3
1017 0 5cce2211f58ffdc50a5a7f5f339e7c73 3
1017 0 6912f44de9036d8fd4551c6141a70bab 3
1017 0 a0cccc85287575807b597835cb128440 3
1017 0 b58be88ac5514537c74e601ab6673b23 3
1017 0 ba8c3426694d79f4c7336f7105773f67 3
1017 0 d572031f45fe49d4449b5c8e1ec7114a 3
1017 0 df4f7d2a83dce1f30305a439fc2ea3d3 3
1018 0 423333f170611ac66f25d25ecf51c828 3
1018 0 62bdfa1865b3362745c31102bbef8847 3
1018 0 698af9aa05d284bd703ca1af664e8386 3
1018 0 72e5363afcc443b8e5ef18a602be7d9b 3
1018 0 7732412857058f2daebb73120abf69fe 3
1018 0 7e981f80dfe7ebfa05d19f7f88174980 3
1018 0 856b2976885550325b8455fb3bb4a3c2 3
1018 0 882e18a2d145d1adc30acd876578766b 3
1018 0 9e18df8b3af67e2d24913663925ac4cf 3
1018 0 a9212f82a82491ef9bf24c8d772f9d36 3
1018 0 d29cd6ce5a20b8dd5bee3d400d6214c3 3
1019 0 0e05a40bdcd46f4e28a8c433dea9c467 3
1019 0 1ce0dc5fc68be673d98f858f34d1f144 3
1019 0 22536779ac520f9a32596f40c6643766 3
1019 0 42165f5b7e54d88acf04578d5e06ef0e 3
1019 0 5fbd21791ae4db0d130014e4e0138689 3
1019 0 636fc0a28daa0a272ddbf595062e4d14 3
1019 0 ad982ef4ce016e44c0e4fa3a11c47a13 3
1019 0 e9c7877330f5eb1d2fec0a40ae954f83 3
1019 0 efe9b0e20ba94f15b4b691a6e8376d41 3
1019 0 f577bac21e2a43b6d88dba4e85e110f1 3
1019 0 fdd58b7bd3ae011a903919e3b75ce079 3
1020 0 026b7bfc1a336369cb2285dfd3fd9c8c 3
1020 0 0e05a40bdcd46f4e28a8c433dea9c467 3
1020 0 1294428b0d914730d97fe9f928f55c72 3
1020 0 38e1d57cff1eaa12e434daad5f321956 3
1020 0 506cdd24b732007bd616d8a9ea63619e 3
1020 0 56ec223345feb798fef4b587ff8ddb9f 3
1020 0 93bc2775600605ded23e65bce4a3bae1 3
1020 0 a418debd7bc1bda8968447a2813a386a 3
1020 0 aa5228cfa01542debcc30c5cc9247c82 3
1020 0 c3ca8acc6aa1440454f9ae1ccc0b71bf 3
1020 0 e3461b7760c9a260db948844d6b6d779 3
1021 0 0004d22ee51ef55abb55876cefebcfe6 3
1021 0 20939c3738671047314d897e6f74db9c 3
1021 0 31491bde822541fb8ce6987505b64708 3
1021 0 391818767034c5d53763b2ea34874353 3
1021 0 44376f3d2b220b677345d8d922ee3b1e 3
1021 0 5aaed7dcf2950bcc0b71d4e0f1852932 3
1021 0 5e5684b8b265cd99ed4f23797a5f6277 0
1021 0 a7a38cb70e780da3136871264e39535a 3
1021 0 c076916349e94bd5df75970f604e8cdf 3
1021 0 c32a44c678e3bb4f61e9f31ddd6b1de4 3
1021 0 fa7e29476bf97b54ed1a50cb13d338cd 3
1022 0 08f6bd12b5615a8e7b9d49530709e62b 3
1022 0 1102fa6ac857a01413618231d148cd82 3
1022 0 1174ab909ef48a164bc0fa7bab992693 3
1022 0 42e164691a0e5a962ec87ac4ae5b8be7 3
1022 0 5073f8e9549a11f408f72c29f65243e6 3
1022 0 5c19715e7917723e738eafec642e68cf 3
1022 0 5e5684b8b265cd99ed4f23797a5f6277 0
1022 0 ac46549d94dbc67f7c266a0de7f4f1c2 3
1022 0 b1b52d2543c82e52982912999f464331 3
1022 0 c076916349e94bd5df75970f604e8cdf 3
1022 0 fbbadff821d0c63fe37cfb29720dd431 3
1023 0 260a775c984c640bc9b80bdc356f8a9a 3
1023 0 309d9c04536504c9e2cc1a3fe19483b8 3
1023 0 50c62468a64bfa024d4b9000cab7cc65 3
1023 0 6e40fbb76ad3a34cd66546518e7ec6de 3
1023 0 6edc7e350e24d56e6a55401689dc48f5 3
1023 0 81e230d77e43b25f074ef05d366e201b 3
1023 0 a09941ee9eb5496f013f49c62bd18473 3
1023 0 b773f854a9d3da8f246533d74001b201 3
1023 0 cb2cf891d0e3d910d66f43d7dd9bb2c9 3
1023 0 d0d3a56ea296a4a2e8a90decb038ca0e 3
1023 0 e2ffcc354e01b55ab8550c6f778a0629 3
1024 0 05cfb66c8df85c11fe9711e6cde3dcb0 3
1024 0 08a95df8f71f4b47960c7d13709a15fe 3
1024 0 2ad8edf6ef7d06ca748ac36af967c1f8 3
1024 0 32a83a4d9a22a14ff66c1053cdc2dcb9 3
1024 0 35737f725e1508bce8c3bc18bba202f3 3
1024 0 493b2801059a4cf3cf5de6a0bc4f6b3a 3
1024 0 6cb27a39068326036c7196a6de541324 3
1024 0 8e0bb76566b0de34500e8b5e56e591ba 3
1024 0 9e553765bc69a6c6155396367e3654f9 3
1024 0 c7fc1cf15e1b9afa6869d431c48dbf2d 3
1024 0 ee2a911ffe10d0c59bd0e4e175b80c94 3
1025 0 0572a92ecaf366bc5a33649898bd219b 3
1025 0 14b554190453450daf3a417b1565463d 3
1025 0 16b08f773f5766f45f66333a43542d2c 3
1025 0 2e681f23b79f51b91a53b177665e1825 3
1025 0 49549271c2330d04394d98ef4e5acf73 3
1025 0 55284a5cd539d4016bba00b6b30b7dd8 3
1025 0 57c12032b05b26d83139860c3fc8918c 3
1025 0 5e66650da4b59f96554766c48db22fe5 3
1025 0 81d9dba5e98c726e04642db53883a350 3
1025 0 a71e38f704130507a70121bd71d703c9 3
1025 0 cdf9c839a23abac81fc4eb55f3c7da51 3
1026 0 1d9ad69b2c56cddf61723e821f257041 3
1026 0 1edf56c4d72f5ca67adec9bfa01e0c15 3
1026 0 317a145cbb4a0a3d4b48dd4bcafb0121 3
1026 0 35b172e3cb2fa4422dba8487875da39f 3
1026 0 3f435b0aa258a20a1c93594fa8ada455 3
1026 0 83f7604a4ad1796a61c3ada0c21306ca 3
1026 0 8e66d75d8760aaa69c9a593da05d5ae1 3
1026 0 97e2206f90a7b6227b2d590d562a5607 3
1026 0 bccd60d4eae8c1a10a7b33d415c18b91 3
1026 0 d1d4686699f6a90469c3a340372fe71a 3
1026 0 e31396acf7e9f88e9e4d27af2d7ef77d 3
1027 0 3bdd1d44bfafcc2ca7fc169797e375ab 3
1027 0 3d8467ed928d51ef3224a946ea4ae4e2 3
1027 0 4ae1c86f271b8b4955be572f5d9685dc 3
1027 0 4e799db81cd924cd9d70b115a0e90a82 3
1027 0 5f929634a53ea4b7fff723df544b1fdb 3
1027 0 8a76174de971c34abcaf8b53dccb614b 3
1027 0 b223dde9dbf6176bdf637c2eb6028af4 3
1027 0 b2cc88303695504bbc43938b42440033 3
1027 0 ba4891b4c9bba8736c681b7c13b58569 3
1027 0 bf25c3062dbc0d7d70bf61c1b6a4956e 3
1027 0 da35c97b6e256e894f8d7194363ef6fe 3
1028 0 0121b136435c7878d779cf13602e6244 3
1028 0 2c1abbd4a414301ab64de9ef28465fd2 3
1028 0 39bdd7d21450d61bbe20b52a398af176 3
1028 0 5c151ba913231cfa0919871e183f303d 3
1028 0 5f092845d66f3c3360c52ac3f05cce55 3
1028 0 797d751bff22d4f589ad1b7e1104a6a0 3
1028 0 7d75a585eed8912d6955d4ef5340f003 3
1028 0 86c1517db9eb0b1eff81396fdd48d0c1 3
1028 0 96b4ec9e2588d2f2fc36412fec5d9e3d 3
1028 0 a8f3afb59a0a7d4dd69b41faa1424add 3
1028 0 b9bd3cd8347f6c9a0234be123376ace9 3
1029 0 190cf8e33e96b4e7c38d12e7694e96d6 3
1029 0 20f61c9d53a4df8a54d1c071c2161b5a 3
1029 0 246ea001f9c7da5e26b5767eff3c4acc 3
1029 0 3889f69b311267371e67f244cac9c98f 3
1029 0 5e5684b8b265cd99ed4f23797a5f6277 0
1029 0 62e5f879d1232999cb6cf47bb6d608c2 3
1029 0 6df2d2a19913e0ff5b102c518bb943c8 3
1029 0 95a4abe40ad69c942f9374b9cf27a5e6 3
1029 0 abd558c83ed4aa0e3fa70cbc4bf18f03 3
1029 0 c6b31795781a747949881d0379bcda20 3
1029 0 ed32827dddcb9258c2818625af2ceb38 3
1030 0 1c4fecb941d3e1641dacc4ba04012fa6 3
1030 0 1d03fe505f15ff6437188a1916e60fa7 3
1030 0 2d119089747500d9f6cb2f190da650c4 3
1030 0 38dca9d17aeb339f8e84f71256842748 3
1030 0 8f6a23c947d9236e4658a4cd0c19e616 3
1030 0 a282b618e6e569e6a51b562cc714157b 3
1030 0 a5c9e574cb5085ada820f7de4474d82f 3
1030 0 c20cdad3211b38c38bd3f76f0ebc7caa 3
1030 0 ccf57312b383c56603d0816b2d798fd3 3
1030 0 cfb345f106fe888a160574b595a04528 1
1030 0 df9f5cb67c5f0800f7440edecabe5b4f 3
1031 0 1081a19b3c798543c59e7905685c98be 3
1031 0 4a25b2febdb7e2b5f17ec5ae6c75f85a 3
1031 0 4ada1127a210cb2e99b7b99028a96551 1
1031 0 4b9d866d625b2896b52a41c7d55af08f 3
1031 0 9ab224f7820da3eac634dc3c31990f80 3
1031 0 af4bf9e7a35349d293078dfca79574ba 3
1031 0 b93554d49076db7d897256f64b55977b 3
1031 0 c0623c7feedd57cf1dd868d883cfe2d6 3
1031 0 d3301984301f69aeb985c676d91cf956 3
1031 0 d6a745556cf491ad048adbaf6d6b5824 3
1031 0 dcf33b5277556ae624e1082f2f320713 3
1032 0 0f57393ce36e6b34e46ee6c7b880a111 3
1032 0 1373041a52f1f1e7d14d35163a7349bc 3
1032 0 141ad2924b1b599e8e6319965c8cd5e6 3
1032 0 29c7599ecced24e99b964d403bc98298 3
1032 0 2ee1c4141966726e0e29fcff8cf24569 3
1032 0 414091899062800fe415043cf573b0eb 3
1032 0 4ada1127a210cb2e99b7b99028a96551 1
1032 0 67a4cdf4ffc4a7ea3428492a1ad019ca 3
1032 0 8c56f1d880898f3725f7b2a270efb74f 3
1032 0 cf8d207af981230eaa2c415ff3a4ecf9 3
1032 0 d6c58bd20966c2394810dd4c64506ccb 3
1033 0 01d3278c91b8fec2e4ca2b27a8243d55 3
1033 0 07264ddec19fbfa0e9ca960061e89085 3
1033 0 113cc34d4617fcff5d6aab11642ab1ef 3
1033 0 1a98af2930bc9526a7083f655ef8e3c2 3
1033 0 23e64751171cef303baf50a16c6de08a 3
1033 0 27c619b7a28cb4faa2f8ce7eb31fb9ed 3
1033 0 8c8f71173811a7b69fda0a1a5075fee6 3
1033 0 b83ce1bfebdbdd7636ca67e9cfaf5c3d 3
1033 0 bf5e0ac8bdd05a8d0f5ede9efdccc8ed 1
1033 0 c00fd320414fc1149025e1312689d4e6 3
1033 0 c7d3c8edb62cd3dc2041a087ca817254 3
1034 0 3f5aea9d73e7dda5b39fff7a3d134ce0 3
1034 0 91a880a652d12619f1a7b3ddb5ef32d7 3
1034 0 96a43cf016ae9498e67f3829c715812c 3
1034 0 a561f43463f5f18d7fd6593b0c53b004 3
1034 0 b4d2b6326556c5b06ec23190977a2909 3
1034 0 bf5e0ac8bdd05a8d0f5ede9efdccc8ed 1
1034 0 c73706ca4df27c632b6fbac07ded0d86 3
1034 0 ec228a6058e522f2400fa5d99ab53fa0 3
1034 0 ec70f69ef43303c4594acbd3f163eb7f 3
1034 0 ee72ddef8ed623589e4519a348a3425b 3
1034 0 f1af426ee1d1a339e52afe1adb0cef30 3
1035 0 028b5b0bdc3884f55356c924b58471db 3
1035 0 0fee9a568cfff1badc44117a58be9288 1
1035 0 6f012991e508ca34df430cc37415bf32 3
1035 0 a3b413026feb279e5c72ecf9b5f647f6 3
1035 0 b15b0a929258f4b70c9fb23a5d7faac4 3
1035 0 c84ad760136f870c7bf4af0b705d42e5 3
1035 0 c94655813fa702515633fe138b117c67 3
1035 0 cbb954c28004e1d12e9d4a36a4d8e99f 3
1035 0 ccc46b8ddd12ed8153fdd017ad4fef15 3
1035 0 e0ee5e7ad0d0efaafe21151454d5f79c 3
1035 0 fc0390332c9262dddebe45460369349b 3
1036 0 0fee9a568cfff1badc44117a58be9288 1
1036 0 11d35b09c42e6b9577d18fc88dbd9f98 3
1036 0 188546191b651bf009c0d6bf87627ace 3
1036 0 4c8f87b175dd46605a4ebb7308771c4d 3
1036 0 580fbada8b6d264bdea7d8f11bddf620 3
1036 0 783abdb695d80f46537ba42d5f524088 3
1036 0 92832482adb8b1c5dfadd87a3b742718 3
1036 0 adc7848bbda939ded3a7f571dff2bf51 3
1036 0 b1937463c257b7638d195da6253fbc9e 3
1036 0 df06e0dbf19da963bfacd7e71adca404 3
1036 0 e74df469e74080591d1d823817c74dd1 3
1037 0 1aff6d2cab2d5e9384c743f363aabdb1 3
1037 0 33b531148e051a7b77d6949c5cf526c2 3
1037 0 3647cde3dde9253bb211168cd58f9775 3
1037 0 4bc928a8a39c94f59c3d7f8a89a3bd7c 3
1037 0 5c50d3dee7d8874c3dad9dc851fb1e26 3
1037 0 71a89cf0b9b96c5984c8932e33823b6d 3
1037 0 7789e9f1faac89de31719a1a35940f41 3
1037 0 9829d12e57fedd85a250a3817fcfd727 3
1037 0 ac3d9c650f079c5eb1c4446d075c0f4d 3
1037 0 b84d634218cbbc041e73c4d34971f8a4 1
1037 0 c61cd0c36d291d2ee2b1d2f5ea9a1884 3
1038 0 38b6399740866624aef1a87d3c6dafa7 3
1038 0 4b573144006ea40a1e484981a381008a 3
1038 0 61794293a16bae0db053754f24f24894 3
1038 0 89cb8acfc184be8341d50f8a5c2b230a 3
1038 0 ac6406040ccefd859fdbb94855a57466 3
1038 0 b84d634218cbbc041e73c4d34971f8a4 1
1038 0 ba8163acca04b3e8e3eee56e0454dfb0 3
1038 0 bd12f9a073f2151f84b6de7cfbcc8fb6 3
1038 0 dd77a888725d40fe4bc70fe780795fb6 3
1038 0 eca7c701f6b3d42d343e485e7b880a47 3
1038 0 f3b8e4f786e762ccded8741c98ffbadb 3
1039 0 00a3b73058a01849eb7ffc80f1324cd7 3
1039 0 0e861050f95b7bf4338287bd28d780d9 3
1039 0 191c34ca4d0da157deffcd615b0e03bc 3
1039 0 198bfbd8b828b4628e5055963e3ec5db 3
1039 0 47bf7578048518e8ac6bc977f569db74 3
1039 0 4c0dd365c0dfd26094a5cd6696c80d26 3
1039 0 6e8ded92058928ed7cfc35a7ea487879 3
1039 0 b84d634218cbbc041e73c4d34971f8a4 1
1039 0 b96d4991d5f082b61475925ab65c82fb 3
1039 0 cbca5ae99141d9202807aacb46167684 3
1039 0 dd6ee4f9ffce6cbb93f433ca5153371f 3
1040 0 19238b9c711fd753456fa04a64f2f843 3
1040 0 21310c73288797f5042b608a6697dc72 3
1040 0 33e9b786350f9a9efdb2b69386d9a228 3
1040 0 364352713affe687bc652eba7553cbc8 3
1040 0 7d800687ee0006498b9839d3af132582 3
1040 0 8f64de972306b846d1742e62d3378441 3
1040 0 a522f555bb52d7507b1fb96442369b90 3
1040 0 b84d634218cbbc041e73c4d34971f8a4 1
1040 0 bdae62c7898334b4b2e8a445bd174fe8 3
1040 0 cb580315244ced4e37598a3923a63465 3
1040 0 d15fcffe26af254f89b12fdb51b824f3 3
1041 0 0316994b684832968f1e0d117166acba 3
1041 0 1dc008ed47de095a8db8ebb000ded885 3
1041 0 204bfaca4e6a866b43b60ab965e5b734 3
1041 0 2e8d23363046610b5e6885c3bbbb221e 3
1041 0 3e6f54762780b7fe0b64959f66287b1a 3
1041 0 58ee8e3f1a1d46e9066df06979dd6673 3
1041 0 7f1fc9423582e86abbbe8238d2349d23 3
1041 0 ce128a404764562eb98ee9c75069c329 3
1041 0 dd72d623a024c87b2b960a91e806f71b 3
1041 0 f06ef6d7938a7e33580663312e0d21c3 3
1041 0 f8b7ae57f41cfbff4df91972b96a183b 1
1042 0 224fa3e802f79a60ae7a57e2788e5ab7 3
1042 0 2d20dd89e13c5c5d0eb016a0f5a71cfc 3
1042 0 2db96487c90d0a459e2a6125240371a8 3
1042 0 53c958e130b71f2b64c2b49387c2b1a1 3
1042 0 5e5684b8b265cd99ed4f23797a5f6277 0
1042 0 67603f11371075d6d7a8787fbbe1e51b 3
1042 0 6a9dcd1fb5c33f77f5d38801a73987a9 3
1042 0 9b68751e3dcb68c3904ec0f624ea7227 3
1042 0 abad741e23760bbe42cbb22260f1d162 3
1042 0 ba09889562d6b14493566eadc20c9a5e 3
1042 0 f8b7ae57f41cfbff4df91972b96a183b 1
1043 0 2b0178a5bc1d11b8df8818c29aa1f3f8 3
1043 0 344233a13a0c41f7ad83d6b6356b4d43 3
1043 0 3c494aba45b97661ba9a182535bd2860 3
1043 0 4b2b1bbac6de3140c4ebce7c694e5558 3
1043 0 5e5684b8b265cd99ed4f23797a5f6277 0
1043 0 d6cef48bf8fa50cc5a8de2c4e433cde4 3
1043 0 e8a2b6e79c59e138321b8fceed46fc33 1
1043 0 ea569ce815caac4834bccf5fb8dd5fdf 3
1043 0 ec6a03efdf12a20722edcf1ab05271ff 3
1043 0 f8d6558619ec7f712019ad5856ff13bb 3
1043 0 fb38c7287b7cbef0b3fbec0d518dec89 3
1044 0 2e5f51a333420f35d028d4847fb0b883 3
1044 0 5e5684b8b265cd99ed4f23797a5f6277 0
1044 0 a1fae15cc01554d444e05ea5b1cbce69 3
1044 0 a3189ebdbf3684acbb0b07d6bf4116ac 3
1044 0 ac29843b6f1558801bf7f4b45aeebffc 3
1044 0 b2d956ac97b96420e3f3bedb082ee929 3
1044 0 b48f68677c32667f71ba6d08d3ad10d9 3
1044 0 cdf99d783f0fa3ed245a8748d17a9b6a 3
1044 0 e8a2b6e79c59e138321b8fceed46fc33 1
1044 0 ecebf83c540858a6a406d851b37077c4 3
1044 0 eec6f2f0d7704316b3188a0990ecbba7 3
1045 0 355cd47950f81b4b498be57c415dca64 3
1045 0 3992ef2f34402537b72b76b3a07bf1a4 3
1045 0 5e5684b8b265cd99ed4f23797a5f6277 0
1045 0 6ac636ac4a766c091fcb13bbbf5197c6 3
1045 0 7e43db903cbffb4541ff9138a3974eaa 3
1045 0 8f03fdac6bba84e17e1ba4d50c52e8a7 3
1045 0 a13aa6d4054dcd79f72293be8a0b33fc 3
1045 0 c80939d98428fd083684e0cf30e9fa6e 3
1045 0 d1a6ad44ca74f227e1512f0d792c4f99 3
1045 0 dc8440edcb7a153ba3cd3897a4ef6025 3
1045 0 e8a2b6e79c59e138321b8fceed46fc33 1
1046 0 1d751fc2fa8972a53845f03fa1a87cca 3
1046 0 2031747b6be7b8bb8944d1f3f6a7092e 3
1046 0 5aaaef362a9c26967c3e8ddad3c49c40 3
1046 0 5e5684b8b265cd99ed4f23797a5f6277 0
1046 0 89a2de7363dc2ffebeb60da3422db148 3
1046 0 b382055a9cf98790654727a82f426fb5 3
1046 0 db13bae4597f85b127d3ef2631413a36 3
1046 0 e8a2b6e79c59e138321b8fceed46fc33 1
1046 0 ea4c8b0bcbe27d87751301869ecc166c 3
1046 0 f39ad4df878191e3827b5d8cfafbbd3c 3
1046 0 f57da8e7ec9e88f6303e0a0300211622 3
1047 0 19b1538691807a177b8ca1cfe2072390 3
1047 0 2291b753561a2c147956af4211ada0c4 3
1047 0 229fbb11772ab70373d13e10c1a3c44b 3
1047 0 301b47e0eaf36605e15b221e373f4540 1
1047 0 5ce76f3abe186754cd402638296c9ca8 3
1047 0 647e872d2bd1644f58911f50b985a305 3
1047 0 77e6caea26ab34aad09fa3f9fc5a62b7 3
1047 0 9b1a33787ff52635255ccc61c1f4a9ee 3
1047 0 ab1f7b131262345ee959d276367ac340 3
1047 0 e2a1372fa16fb24763d4fa507b8dace7 3
1047 0 e6abf1b1dd0705073cea00b4223aceb3 3
1048 0 00cf46fb1e9861543fc652ebfe653274 3
1048 0 064d3d386fdcd012244d140b6de4263d 3
1048 0 078d7ac837d596a73cc366bcc8fbf010 3
1048 0 1b55867dd2e9907513d8a1a197266ef5 3
1048 0 301b47e0eaf36605e15b221e373f4540 1
1048 0 5935fd85c74710c0f76c8f0666631867 3
1048 0 64f3c1cb2b66c8f6cee22470d8421657 3
1048 0 6836777c5d43c1fd1b0ca6f76e32f5a7 3
1048 0 7afd4d80b0d04839e5212d9533221821 3
1048 0 a00bf5b971a9ea93d845862d149f3a75 3
1048 0 c4ae317af77c0679844aabc8843a8218 3
1049 0 12895233a0b3b49fc9d1a063bb33e920 3
1049 0 52ffba608120b94d9dca699939f8bedf 3
1049 0 5f756aa6ec93211b552dbe18f001929c 3
1049 0 848e7aef238bfa9918163d51c97083af 3
1049 0 9171913bf344201675951f7270b4f7d0 3
1049 0 94189f23b5dd19d3fd0e9a25d0ad1450 1
1049 0 a0baf5f0096d0f43cc516220b95ed1bc 3
1049 0 c8b2140605ba01337dab1f51cd8680b4 3
1049 0 db94fdef0c98b5eb71c91bb216d77033 3
1049 0 ea64903c68e714704e1eed169764d629 3
1049 0 eb3a3d21174667d180417ff6dea90629 3
1050 0 0625c052dd4c568f36bab5717c0f6b08 3
1050 0 1fddbded02ddbd9277f82b023382836c 3
1050 0 56f8942b66bff2088c85212b9063c6d2 3
1050 0 94189f23b5dd19d3fd0e9a25d0ad1450 1
1050 0 98bccbd91454f8bf581b31bdf7939221 3
1050 0 992f69f43355272004466a2e2efe8d7c 3
1050 0 a82e1d6b3780783a1b6c934dacefdd30 3
1050 0 bdca13fa946571a1c2b9301ba3fed412 3
1050 0 bee78d2af29534cba4be7e88cf006de1 3
1050 0 c84332f577b477a8024243d5f10a2bef 3
1050 0 db6a51b64d802dd7c066e3b1279f2df4 3
1051 0 01c22ee67b82feb13e4d34b099804dcb 3
1051 0 1a188c61f3e0592c04105d8dc6a39cfb 3
1051 0 280653fe95aa12890355f7d4ca5c40c5 3
1051 0 3f8cdfbec32ba1fbfab398d0f8b7ed80 3
1051 0 52ffba608120b94d9dca699939f8bedf 3
1051 0 5cec6e0706ecfaa9f7969ab52865c582 3
1051 0 699a037d9c59a15c2034da9ff1950797 3
1051 0 804b7fe73bf3733004fad5c90cb2c546 3
1051 0 8b82ee3b293dfbe560695fdd41fbd49a 3
1051 0 94189f23b5dd19d3fd0e9a25d0ad1450 1
1051 0 d79b8415e6eb714f170fd4afc2eef176 3
1052 0 00c47be792464b623708d1edf3b546e6 3
1052 0 1dd758367140e5cd6300ad9253ed9be2 3
1052 0 4086d44db688471d75001520451d0bdd 3
1052 0 6c577fb7be15b538b792868b0f871414 3
1052 0 767d5dd5f09bf58eedfcb8e9a8845eac 3
1052 0 94189f23b5dd19d3fd0e9a25d0ad1450 1
1052 0 a379764391d887d7d211018b68cc3d97 3
1052 0 aa2cfcfb6a5be3f8a1b00e325d6a521b 3
1052 0 bdca13fa946571a1c2b9301ba3fed412 3
1052 0 d9de31a3fafa334d68cee9372d743ac8 3
1052 0 e3d1d111b84ab9c474d68de20046c8da 3
1053 0 153cd25dcf89dc13c5cbbd0e03064239 3
1053 0 3c6ab134ed0a125b8fdbba1f19cfe0cd 3
1053 0 55fd04b6fe95e68998c5454b9388d45b 3
1053 0 566e17282a7427375813d214022a943a 3
1053 0 5e5684b8b265cd99ed4f23797a5f6277 0
1053 0 6e2e00bb0e5723ffebeaa7884eef1d6b 3
1053 0 8f8fea7e3cdcf93160223b0186cc2b36 3
1053 0 8f978767d56ebc7cb44c3eb9f11033bf 3
1053 0 ba159bdbeda70efecc80541023229c04 3
1053 0 db6129119e8374abe54243c568380ba0 1
1053 0 f9c66ea0866922dc0ce77ad37eb8d333 3
1054 0 16a3d03f0f0e15308f52fe8a3df954fa 3
1054 0 3c0106792490ff8187c9d92db948bb13 3
1054 0 9db1da96cf63871432c0516173288262 3
1054 0 b431488091340e219eb69b142a41448a 3
1054 0 b77d0da5a675e985dda895c7dbb8b103 3
1054 0 cea4f6a49ec56b686e713b0bdfd7d58b 3
1054 0 db6129119e8374abe54243c568380ba0 1
1054 0 e544bc40caec34a59107f33ff684df04 3
1054 0 f24a48ce9b6d2751a03a09e17949701d 3
1054 0 f2747a858e14752a1575b368df6a7c91 3
1054 0 f337f7e5a3bdfbfa6cda947553d7d4aa 3
1055 0 37d4c87bfc31c471fee0346d4290a579 1
1055 0 46dfc727954d3837227fe01e022c3a41 3
1055 0 49306bd8531efa36d5d0c8f778358b7b 3
1055 0 5e5684b8b265cd99ed4f23797a5f6277 0
1055 0 726de16b37f8ff2b45992ff2f8b96bcf 3
1055 0 abe6e4718c166447640f514c3ac0af0a 3
1055 0 c3003029fd35a6e402207dea02e06285 3
1055 0 c506b9bb191f75f512b48ca0e4068b43 3
1055 0 e383f117c85e4142cef1d023e65ecf01 3
1055 0 e4135672b4087782c5624712833b7736 3
1055 0 f8aeadf70b39d02ff694dc09b34472a9 3
1056 0 37d4c87bfc31c471fee0346d4290a579 1
1056 0 558a91ba4a1d98e3b994ba18515c101d 3
1056 0 775ba761bf9f10e7a1e58f4099ec2cf3 3
1056 0 7dc2cd05f4f37d738eab02971ef45855 3
1056 0 80c18c21fdcdf8ff8ad105a678dec9aa 3
1056 0 9cba57787c0cb25cd52f45144241ac7b 3
1056 0 b54ec04fdbc60ef99ffb243b797dee5a 3
1056 0 c640bf534917e5f5a1d63e1bc409f655 3
1056 0 de7b7e20b8959b57d9c73db1e0fdfb8c 3
1056 0 f02dc6a11a1192fa0e987fed1666f410 3
1056 0 f4ae5709be1cf5f283cc1c31adc58ae6 3
1057 0 1f14ba210382922737c8a1519eca5745 3
1057 0 57bfce7c28d63839769d6f91ad6da531 3
1057 0 5f5269c5bc6824524d7148b0d249d75b 3
1057 0 6e4097a5d7c674711b514c5258f8e14a 3
1057 0 88da1ca93d17ea6a88430c2873d7fb12 3
1057 0 951fc6ca9971b50b5c77153225ce8e4f 3
1057 0 9564b3b648b4ab9661be1089fefca133 3
1057 0 95bf0e59146b1fd92abe5afa33aa742f 3
1057 0 be7f71e884df5e398615a5738e935dca 1
1057 0 c5a0ee72fd0e1847baf3a16ae36d5fd7 3
1057 0 e93e5cd40effda0f3fc44ef2acbd5055 3
1058 0 159dae23b3961b28a35ef3187a3a415e 3
1058 0 4338376143e92c229edc1c026de2b350 3
1058 0 4871181d8d50b4419fdc519f5e53fbf6 3
1058 0 7ec448f89eb8899aa94719eb6cecd481 3
1058 0 902e1a7f18684c8bbbab52a3795ca39e 3
1058 0 927b6236099d58f6ff7b5650518ef5d2 3
1058 0 b38a02fc8f040fa03ca09ebf20d7d4f3 3
1058 0 be7f71e884df5e398615a5738e935dca 1
1058 0 be857aafb1e7f4cbeb6c366f603529e5 3
1058 0 ccade8cc9d6c7eaf51cb2ebec83fbe81 3
1058 0 ceb2b0d1a44f4ea871f2f5dd9812b53f 3
1059 0 188ebcfd0c839787f4e5ea6cb678e6f7 3
1059 0 1efd82953136396467a89fcbd383e3b2 3
1059 0 3b1395c2012e1bb8e578736cb8f55d7e 3
1059 0 592da273bc1b9e41a57b06dff784b8bc 3
1059 0 5ad894220668ca5cd49727343a3b22bb 3
1059 0 82abba9e5ab2644fbcb559c1f104d736 3
1059 0 9102b8af08f3c4d0f3198086cb2d845e 3
1059 0 b1bcf129df92985b2e3d52c8bd87dfab 3
1059 0 be7f71e884df5e398615a5738e935dca 1
1059 0 cf2dc3eb527ff463c6c3eb926524811e 3
1059 0 dbf88dbac9fff4017a7e47f4de0b5a4a 3
1060 0 05ce976badb316ea3d2b2cca0f207160 3
1060 0 0764c60d9cafba85ea9db7a870f6fd68 3
1060 0 572956d7fb1675915389ced6f8656bcf 3
1060 0 5b67ffdb01b798702b9202d7b475fef7 3
1060 0 5dd83d13f8c767b9eeccf12793d3f26d 3
1060 0 648987779eb122bf8f215e5412fa12fa 3
1060 0 6cd53bc9faabe39f3411b40d422dc66d 3
1060 0 79fc19b1950d3a7022f771b797aafe75 3
1060 0 a5047af41c137533847b6fc6efc2ebe6 3
1060 0 af9414e4655bf6af7f72ae40a8ae4077 3
1060 0 be7f71e884df5e398615a5738e935dca 1
1061 0 0d9d892bcbdb3f7b97b25bb1eaeacef1 3
1061 0 2264cf0a60a546ac9258c0d764b92426 3
1061 0 3cf14cf82e71fe70808b480efa1b8a62 3
1061 0 450174a904cac316f8671a17aed4c0f3 3
1061 0 51e501e5d06a059a47f32a5e139c582f 3
1061 0 633806cf5aab14b9250f5626f366ac8f 3
1061 0 734d17c4ccb943e6eaf7b4e7da4b48e5 3
1061 0 8860be330616b36624e02fa52fe7c309 1
1061 0 bfb05a93f60e2c3b22e602611166889f 3
1061 0 df20e1a32528fdc83e8ec6174b1acb32 3
1061 0 ef9580c53e3bd7d5a2f432d124739a1c 3
1062 0 0485e7c2fea135a3f60ed63ae5a0f1dd 3
1062 0 0628bffa2d30ea0daab864231733dfa0 3
1062 0 193cbe64116033919c170fc009dc0aba 3
1062 0 3c733f56da397f18fac7d1a5d853035b 3
1062 0 41c3eae412ec34c3b0f50ea4fd09f4a6 3
1062 0 4d72c8672c21afd87d468277c90126fa 3
1062 0 8860be330616b36624e02fa52fe7c309 1
1062 0 94aad4bd07ccb328207e6ff8e1398676 3
1062 0 af5f54d6244b59f4cf5ee5e8c24d3a4a 3
1062 0 bcf4897905095890088ae2c5d77f5714 3
1062 0 fde8cd4fcad4d59b5fb69b6ed023c50c 3
1063 0 07f2d48d325897636e592d79565df4c6 3
1063 0 0855c872eab1c3857e808f1d78e31c92 3
1063 0 198e3ce763a66c68fe2e1bea6062a066 3
1063 0 42059b134d4e450f0080e53290e9934b 3
1063 0 4c56557986ebdcb4541edb023f284845 3
1063 0 6eb1ffb2a29310d331da97622e5f4160 3
1063 0 729f8736701af1ca378d1bd729eb73b2 3
1063 0 852028ff5dc602008ede3d874a533f8c 3
1063 0 8860be330616b36624e02fa52fe7c309 1
1063 0 bf536dad13c48affbb6376637d3b46e7 3
1063 0 f1c5aa268f5d99e885f1c9c428b03be8 3
1064 0 24352b53543f3c7118e2e3b4154e7d56 3
1064 0 32d7af86e66490e4ba3e77c1965dc059 3
1064 0 45e29bf616a8d5e0e81444a0a06af5bf 3
1064 0 5f7bef130d27081884a2cf8fc944b7ed 3
1064 0 8860be330616b36624e02fa52fe7c309 1
1064 0 9c8137f5570e15f6bcafa8a51d380eee 3
1064 0 9f90586b064b1f157f4b46b56a22e866 3
1064 0 a894f5b91e8816ef2d1b1c776f8b2d6f 3
1064 0 adb7d07fa7c0105e1d6649a1a3dceb42 3
1064 0 d27cc4fe9bb6aac0ef2c132c6b37b15f 3
1064 0 e7178348a544c0ee320ab7b273e5d7ce 3
1065 0 083392bbc859d3a7cdcaeca03ce94fd5 3
1065 0 224165170294cab978f18d4cd2c07cc9 3
1065 0 323879f2637fa8ddf6b3f629910cc7fb 3
1065 0 57ace05e5a9b617610494dfbf7545694 3
1065 0 642b77d37cc33367cc2dbd0b6cd97809 3
1065 0 983824ccb1f36659454d8739bca43940 3
1065 0 aa156172a16723d6fbbca2dd3041c430 3
1065 0 ba97ea66b9b08f2016a80fac69ff1a6b 3
1065 0 c48356c0b1edd09cf8f117e8eefb79d0 1
1065 0 d82775f6890ccbfb908b990838738c1f 3
1065 0 e9922d608c7f4a37074b9580cfe6c9b3 3
1066 0 6032e6c331498c7ca7f037ddfa29d962 3
1066 0 8f68c81fe5ec2d48dceb388e715e02d2 3
1066 0 abbd03b903d3ef4e5733566b766c4e35 3
1066 0 b962e80f8759b254d6a4f550b402166c 3
1066 0 c48356c0b1edd09cf8f117e8eefb79d0 1
1066 0 d5e5b8202dec1c6aba852330d3c1c314 3
1066 0 dba2036c59ba836efec9929882006083 3
1066 0 e515d8fdefa680e8fb72273cdc4faf3f 3
1066 0 ece4f4a1c6e96dd6873ca41415551350 3
1066 0 fab91fac9f4c17317a0c0a08e609d33f 3
1066 0 fdfed094226fc023091320c084f3d550 3
1067 0 1929355e89b5207aa51e238bd364a4a0 3
1067 0 276fc1dfc954ff484b94b80e297dd92d 3
1067 0 30ff64befd45799febe2a5972bc9c9a0 3
1067 0 50d81fa1a3b8b25ced733f3036ae2cdc 3
1067 0 5ceca80e4b491a1c09f43a3b6b434422 3
1067 0 68fcceeaedea75c631fe5de93eb00691 3
1067 0 992215f8a406e53fd2fc6e53078b2690 1
1067 0 b1f30220da3569479ec326e7e282cf0e 3
1067 0 bd542919eae39cdfb12bcd2b0ef2888d 3
1067 0 db677e12c0986797bcabd8e5005a3c08 3
1067 0 fed257c6396c03d714a4b5358c741552 3
1068 0 0ca4e575c3622b571c4f044c6000f095 3
1068 0 1a800ab767654eb4c6b458fbb16e6ed4 3
1068 0 22f80707c0c4a1cc34f36af168de0bb0 3
1068 0 3261caace38778394c51eca2b64ad3a6 3
1068 0 5ad799daf520207bfc5799b1d27aa563 3
1068 0 5e5684b8b265cd99ed4f23797a5f6277 0
1068 0 8406c6624d28084f1e51312afc0239db 3
1068 0 992215f8a406e53fd2fc6e53078b2690 1
1068 0 b0cb8f580067c29d9cf6a5aca3e1ce0a 3
1068 0 bdf4a953bc9bc7d47f7e284b1e4109b2 3
1068 0 e324d6ca2645a77c2abe68d5d27af429 3
1069 0 1062a94580a64c3ac2111d6d5b7492d7 3
1069 0 15b99f8ecc4f86efeb0d242540f7b2bd 1
1069 0 4a207009e038d6ad5bc7bfaa2ac48615 3
1069 0 5e5684b8b265cd99ed4f23797a5f6277 0
1069 0 6616b13b00a3494937402dbab9633668 3
1069 0 9e6751a5903cbb4bdfe98871d6175cc5 3
1069 0 ad1ee07b04c73a1f95ceb69d34c5bed9 3
1069 0 b129306be6a404b20d5525a894dd8f4a 3
1069 0 c4f9d6309b771a7022be3517b3444871 3
1069 0 c80e21433de597541f72a5a371a5b0bb 3
1069 0 d41d8cd98f00b204e9800998ecf8427e 0
1070 0 00279ad56f3cc015a00d33ac6ab81997 3
1070 0 0a9637e00b64bd837c9965c7b3e0950d 3
1070 0 15b99f8ecc4f86efeb0d242540f7b2bd 1
1070 0 1bb4605ae496851e151ad9ad13b0c95d 3
1070 0 5e5684b8b265cd99ed4f23797a5f6277 0
1070 0 7d553c91db3cd839cab82bd853e914e9 3
1070 0 8228eca17845f1a270aa64c8274bef09 3
1070 0 9f7a85d482bd6be63fbbefd09dbcfa7e 3
1070 0 a0881ac7b0c9520105a1e249a5946fbc 3
1070 0 a9f062a26f424842db5bc63517176930 3
1070 0 d41d8cd98f00b204e9800998ecf8427e 0
1071 0 00159b3695b10faad0e13b50b134c858 1
1071 0 04b62e5cd61677ef2c73168daed10e51 3
1071 0 4221a031f91aeadd6879d5650f26d644 3
1071 0 49b8f2ea6c64a92528a69c8535461ae5 3
1071 0 4c72bf463e191e9f215cee6e6b76a200 3
1071 0 5f38c7a2a968983b7fa9c8cc099c5531 3
1071 0 6413da3b0f583f74a633b12b7d038221 3
1071 0 6b395fe942ad83e2129bcf314689c529 3
1071 0 72c6abc91f70576497e7cac51d4c28f2 3
1071 0 8bf6909cd866f55a995e466c4bd03d07 3
1071 0 e4987f7d3f1bb05bd72c84834f8b3324 3
1072 0 00159b3695b10faad0e13b50b134c858 1
1072 0 08a77c03e0c3faf378e378752e9786dc 3
1072 0 0e406dac3ab22246245e2c22ad671a6a 3
1072 0 2152945ea48ac544cac6b4ed90efb0c5 3
1072 0 2ce422b790b6745948571c638ebc7899 3
1072 0 553c2d00b108f980030737851fa2477c 3
1072 0 6e27d249680c6af72871b658581d177e 3
1072 0 bc9e907b3c1de2d3370235c5f35dfd8d 3
1072 0 d5f9f7ba5a875e5c189592e158ed9af3 3
1072 0 d6ede11bb8a6495a43224bd8de5d1335 3
1072 0 f88ecd28b06988445734a49a7429c26a 3
1073 0 00159b3695b10faad0e13b50b134c858 1
1073 0 032101087150afe102fbb319bc9b8224 3
1073 0 1f1bd64370f083a4f185c39b2177e9bc 3
1073 0 4640479c82d295ee1528f3fb685e1ff2 3
1073 0 7713d7d3129f8b3165cfbee8fae6bf88 3
1073 0 8fb5b32995fa63695291f69bd9661641 3
1073 0 925e53f79472bddcd1f319a3c5c81271 3
1073 0 a6524c62c5f05e3e3c84b9b2a4906c3c 3
1073 0 a8ec1fee06687cb6f55690def14897d2 3
1073 0 c16ade37485716513568f9edb85b651a 3
1073 0 de8436a5df564fc2ac8124e1d27ac3d6 3
1074 0 00159b3695b10faad0e13b50b134c858 1
1074 0 2eb0ce880ca656e80e87556fd94c3f76 3
1074 0 497820177c375d8855663bab8bc60b26 3
1074 0 6d377fa5555cdb9b5095f6d36852008b 3
1074 0 92e1faf98a6a3c1ae11a4056c7ecfc34 3
1074 0 95803c368962f592e99d70a4315b1556 3
1074 0 ae5aa0074609c6222f2a3f7010727e6b 3
1074 0 b4f81eee706640252ed85233933dff42 3
1074 0 c1b7cfee5d193b11bfed83aa5caa84b9 3
1074 0 c52fea5c2661b3afcd7124bd4f7bdec2 3
1074 0 e1f85c48fb756ded4a79f093c51886cd 3
1075 0 279d974f54bff1621ae5522bb8f4d432 3
1075 0 302da268e7fb0fe89c920f6a181161b8 3
1075 0 3a4c239eeeefa24bbedb5d0403ce756e 3
1075 0 44a6e72239ab8dcc470fc85889523d68 3
1075 0 5c2f335dc7cb1c621839798e809f1a80 3
1075 0 7637d6b56c54e630a2deab72b1c0849d 3
1075 0 78aed4ffb3ce530433488171681a0896 3
1075 0 8520c1f74dc46e63eaf96b6c69a9a2a0 3
1075 0 8e5aefb83a502e9335e9c60124cb04ac 1
1075 0 d36768e5fdfde2a6938a896411bc195f 3
1075 0 daef613d8c779a0dcb5c81db0376a80e 3
1076 0 04fdf6b4ee19121cf7758d83e803e0cd 3
1076 0 1f807f3ea06bfa5a76a9314c3878bc5a 3
1076 0 20e93147cfb4ef8f346ef6b24ede279b 3
1076 0 3bf80cc05b00240c4a02f2f0dfb0284f 3
1076 0 51853d5e45ea26a0d4c1578b159dc44c 3
1076 0 6b80c8ce478ad0898b2691e3aa6ba04a 3
1076 0 8e5aefb83a502e9335e9c60124cb04ac 1
1076 0 9f2adaea021a52556c7d5c57f02f7246 3
1076 0 c8aef139c6f920b4cf9b1e0b0f83c243 3
1076 0 fb2b511ae6721a5302ac8d6f27ed22ee 3
1076 0 fdf6def6d2d2441bdff85bd49cc2c22f 3
1077 0 257f07c2e417692cb8274a9c26848f3f 3
1077 0 5cf7f7ea2bc8a0ea0b32094583039293 1
1077 0 64db264bf0983c7ea487848dc8c9c1a1 3
1077 0 6bc3db784afbb6f6c829fbe4b80acde4 3
1077 0 7402f2a48af72c8cf897819d5863fd7b 3
1077 0 8368951dc978a369af592f796d656dae 3
1077 0 ade1594753f73703573b723b21cf6be7 3
1077 0 b12b53b3151185355d0dd9b5763aa6e7 3
1077 0 ba89b095c1c50ddb2366349d2c03f43a 3
1077 0 d4f18668a2264da37f34dadc5a77f3b8 3
1077 0 f1112881f19a9c8c03e5e41f6798f431 3
1078 0 02583c4ffb1548c847b979e4e9276075 3
1078 0 20e081ff7cec4a1fca6163a1585442a3 3
1078 0 3c7f7d289039dc408da5f20b41d1ca55 3
1078 0 3e0cf46853d250d10d992eb9a3836fb8 3
1078 0 5cf7f7ea2bc8a0ea0b32094583039293 1
1078 0 8d29d267201a42ed4d7136a15aec27c7 3
1078 0 93c2984ad0276303b63134c83aa671b4 3
1078 0 9d88bc04a214d78c0ab4ecf27d8d9a2b 3
1078 0 af7c4adf778386309578e254249c94cd 3
1078 0 cae2c8effab072199b6f5798bc35e187 3
1078 0 e5cbca9319b3679510b17eb0521d37ff 3
1079 0 3634bd8fa6c94788a1672bbe81307e9b 1
1079 0 37cfa2a53ac14941594ef394e8c2d614 3
1079 0 45f70e2cfaadcfef0928f49413ddcfab 3
1079 0 467e89a868fcf6345681a95be93b8acd 3
1079 0 5e5684b8b265cd99ed4f23797a5f6277 0
1079 0 6e336038d750d832a7dc4fc4156acf09 3
1079 0 759084e46e29fa9fea77b33d1360b3d7 3
1079 0 b0de05961063da81aa252f22541700b3 3
1079 0 c5d26d796441bfa653e2da8ac2fdd313 3
1079 0 cc1283c80c92690aa50973baf6a0cc34 3
1079 0 f4c66576e4f189f13d4a59386dc017d7 3
1080 0 3634bd8fa6c94788a1672bbe81307e9b 1
1080 0 37736b93bf465ff4caa8b47e0cdb1442 3
1080 0 3e0424c86f75e613d1b5a675395ecb70 3
1080 0 422b7e12635c54d440eedc74db2fa3d5 3
1080 0 4d0c43407ae9d35c437e4b7eb07e4d46 3
1080 0 535001360a10fb96b1c2b2e0c23e8b72 3
1080 0 537e20ad8944304fcb3d28c2bb6ee882 3
1080 0 b7436095d935a808231835b265625c31 3
1080 0 d0e099bdeae67a87a5fe456c074b7fe5 3
1080 0 d7fbb2fce596b13b68e6f05caffdbf9a 3
1080 0 e671cd699da40e384d4fdcef76397d74 3
1081 0 03e1987351a0fa64bfbd2a45a63be3a8 3
1081 0 10223829ec994de1f5bcc29146ee1306 3
1081 0 30cda89c4a393941cd028b2aaf598cc6 3
1081 0 5b55f1b4983a279370252a13845a89aa 3
1081 0 66e4f3ef1642a1e1383bd13ffb271c5a 3
1081 0 a94335247e459cff895d8d43338cc0ec 3
1081 0 aa83a540927392629532b29e6dc60735 3
1081 0 b41db676c8e2376136acccfce192d74d 3
1081 0 b5e1640bd2f411994e2aa90cfe5c99b2 3
1081 0 ed30952145d7dc4e61ea40303b12f200 1
1081 0 ef8e6628de37311ebdc4fdef634f2755 3
1082 0 0897641842168c298996575d0e29b750 3
1082 0 12e89829c00a5a04a7023a264fdea208 3
1082 0 1b8e89af7985ad482369372634986116 3
1082 0 2565f45e3413a5c3e0b2533e09d704f2 3
1082 0 25d58d9286ba05ab97ffdf2abafe5f6e 3
1082 0 4969363987e94671e0b649a3fc71e2bc 3
1082 0 5cfd595a6657551a944723aa6886827d 3
1082 0 6b3a62e13b0783d9fdc47bd414491e6c 3
1082 0 af906dcdb20ce82a3ae67d1aa8baa98d 3
1082 0 c53a3303a767f21d5058ea449120ad84 3
1082 0 cb4398f2f25b910725f33d441da95bd1 3
1083 0 07ef7762e9b8b198c2d1daaa81096dea 3
1083 0 0de014959919dfeaa46c3bff2b4bf2b1 3
1083 0 0dec98c1aad97137f8930f2679ce0611 3
1083 0 0f8bcc76c22e4b67349fa53df2495a73 3
1083 0 3aff5a71bd24cc69b14b48b45975507d 3
1083 0 7c4e7262229df00b286287f825f1ff75 3
1083 0 83fe4234babc44db37a21c5337bc762f 3
1083 0 8f2624b8bf1814f73b3ce005f7bbdce0 3
1083 0 bd58bd0552debabe6c9a1e847707898e 3
1083 0 e283fbcab73d2d5ea18a724a69641ef1 3
1083 0 f6ba79ba837a8aaf225a8182e65d7aaf 3
1084 0 13a3f8618952878b51f14efd6b3541f3 3
1084 0 3e362f856b794e3e8b696c1b87dfcc41 3
1084 0 4543ef16077c61ba4faa000cf73e72d2 3
1084 0 601e3f227d35a67842f520fdfc8f7732 3
1084 0 6ce68d20238fc08787f0641a4ac951e2 3
1084 0 83fe4234babc44db37a21c5337bc762f 3
1084 0 8704b564c17c3e057825139b4446cf8a 3
1084 0 8b00748672b1645946f126a9c80328ef 3
1084 0 96cb7a0c9113c87348d43be0fa627627 3
1084 0 d9569a6a8bdad3f7506ad05a76f07af6 3
1084 0 f098ec18fde2bf5e895b7d1a75064782 3
1085 0 30701b9698961d5813f1d446e3b34ca5 3
1085 0 328aa9a65896871b2081aedb834ef85c 3
1085 0 3be46edb1db93041669bd1a11d18a1c8 3
1085 0 5ca89d4df5a02379d139f2d1c5acc1cb 3
1085 0 5e5684b8b265cd99ed4f23797a5f6277 0
1085 0 62366246d3de7ce807ed2e07edf7c1ef 3
1085 0 7b58d57e1c6a2a261ef81dd7d84534ce 3
1085 0 8230cb7310b5549a8c974b1a31d4f044 3
1085 0 b563807f8fa6d65eb6b6430f360eaa34 3
1085 0 c8c2b387950845aad5519d3338550f86 3
1085 0 d7a6146fca4171d7f7b336566cf40d26 3
1086 0 0b2e36553330ebc66e441f916168bc73 3
1086 0 0fa9edabf41b63665c7cb3fda6d1cd6e 3
1086 0 2ae25908bd17ec2d6e5b7ffce6f22c8f 3
1086 0 2df0de6f0b93b9e156212dcdd62f03de 3
1086 0 37a838dcddef645650839d914c7e541a 3
1086 0 3d7af386d24a777eb71b3ef4cd450169 3
1086 0 5ca89d4df5a02379d139f2d1c5acc1cb 3
1086 0 5e5684b8b265cd99ed4f23797a5f6277 0
1086 0 a863f771685820e17fa1dcc1b5d6b669 3
1086 0 a97762df482047ec4b3493126f88e1f1 3
1086 0 fe880bff7425a2927d7b69ae801b198e 3
1087 0 0b82c022ef77e2bd96e14e6fb4bcc338 3
1087 0 5d4ad300ee94370ab6c11b17e0304516 3
1087 0 75dfcec8fb841daa913ce16a816b5307 3
1087 0 7d1d0bf76e3b701370173cdfa25562be 3
1087 0 8e68bb7ce1ed4814b70298332807d1f3 3
1087 0 93be5772aba5827975521b8db3d24286 3
1087 0 a5a486b3ba3f2153ba742e1d6c36ba63 3
1087 0 b90f790f1b6c9103aee049a2c6452bdd 3
1087 0 eb16fa20856d93aa5cec5c40def0da8f 3
1087 0 f690f83223ccccfb6bb2615449689d43 3
1087 0 f9257d73cf4e613467837135d7cf5b8b 3
1088 0 322218ea3ec2d2bcf0a5863f88562aa4 3
1088 0 76a366db1889268890f254897c82c8d5 3
1088 0 7cb3173abb79c7c7ebc9de89ffdd8e13 3
1088 0 7d1d0bf76e3b701370173cdfa25562be 3
1088 0 82b2b735e6f96d5e08cb996871e02fec 3
1088 0 9cb1938bb4a7a3136ad2b43ac21af13a 3
1088 0 aa872a57a638af2657a798da29459864 3
1088 0 b8d2aecdb6059754cd4993fcce768ee5 3
1088 0 e1cf128a1690b2eaf6408a54225c7302 3
1088 0 e381b094da6738b1e3a213aba4e43ac6 3
1088 0 f6d5fc5bb7739352200881a48c203867 3
1089 0 219101898e36f5d09aa440dc21482889 3
1089 0 4864a14e6e53958912f82e15d4e9d4aa 3
1089 0 48c951f58dce1e577279841b71809a57 3
1089 0 4b709015a0659eb4157a0ac9c4eb7868 3
1089 0 5ab2ffab0b59edf7bcaa0caaaaf0cf87 3
1089 0 83926f3e638cefc47c7732858a40813c 3
1089 0 87e18c679ff30b009ebd34fa334306a8 3
1089 0 8f8ed17e74766eb967a6d7b4f748c257 3
1089 0 be3a9af850f1350ed418531d0460bb36 3
1089 0 cd411221960c5279a7426bc697a7e01d 3
1089 0 ea2b70de7ffd6161a0717c53c61f47ba 3
1090 0 09c2c5f5a690a591c0198bdc53246410 3
1090 0 1260535343895e7f5be901e0412bd39b 3
1090 0 34f49a62534ed3d6cee0a66db780586d 3
1090 0 537c2ff1fb27e8787cd891ab516fa275 3
1090 0 6651a60fc747d081fec2c7b671647cf6 3
1090 0 85177b8a621ade9d0e632e6bc4f865d5 3
1090 0 a08a773bc6571aacbb06c121e5ef9bea 3
1090 0 be3a9af850f1350ed418531d0460bb36 3
1090 0 c6c3312c1a877a01ef574314fa2f949a 3
1090 0 ea9a491a743054c1f8fd60b23d2f1d26 3
1090 0 fa26042a4fd28d255d1acc0dbcb86917 3
1091 0 185eab2d12f20b998940fb7b887c267e 3
1091 0 53b5977cb2657e8ca81636eb5181e2f8 3
1091 0 8669b49130d1dd3532ed7436c5099fde 3
1091 0 a998aaf321b015bbb1e612d94a1c43ca 3
1091 0 c632adbaaa8c7ccaa57fabcab21bedbf 3
1091 0 d549b0e765c7dca19f66eb27479ba86c 3
1091 0 e9d3cff1f524b27e4616e917c6934c61 3
1091 0 f22f5dc4148f6288b7c03840fc160317 3
1091 0 f24e45ca4d665b9e44bb576f3bf562a4 3
1091 0 f8d74b301c1614cc86199bd0a01a5c7e 3
1091 0 fd0a220c0e5e4bd64054d75e1e0f3de4 3
1092 0 0564d8dedb916c90810ac18e59bff49b 3
1092 0 2145d554865bc8062326da70313c21d4 3
1092 0 263488c5f74d19c70933aa0c2dc4c832 3
1092 0 5b01ea1657fcfa182c7ab8a5929e096b 3
1092 0 770a4b4f4bd43041a697b98e5c4cdfdb 3
1092 0 9b7de6a7324cad732be7d40ba8dfe79b 3
1092 0 9c510dad1ef5d9ae58e9b80f94aa9d51 3
1092 0 c786d2864e99cdec8fa27db41a02cd2b 3
1092 0 d34c284f6d71209add4faea2bb312e94 3
1092 0 de1ccb23bf280e7d887f49b98b1473de 3
1092 0 fd0a220c0e5e4bd64054d75e1e0f3de4 3
1093 0 2e1ee8653b430e9f8f7e0892f13d18cc 3
1093 0 4390522c7772550b21c396c1afd55596 3
1093 0 450f7e15ddc83e1f205328af70c9bf6d 3
1093 0 56e132f62cb0a224e48d3b15f215ad78 3
1093 0 59ddba13639be039f8546a93da22c722 3
1093 0 9da9834f65505403eea45ecc9ba5efe4 3
1093 0 a2c5e25c064367b38ad0cc6f44335e07 3
1093 0 adae8f6a4e547073d39c06b7026cc46f 3
1093 0 cb7437e95286a15f1207c63815eb35b6 3
1093 0 db5d6c93eb78e83c18ecd294de126608 3
1093 0 e47c68924f9ca6e0f780bcad519f20c5 3
1094 0 07fe93ded6fa13f4347da92205e7d9e6 3
1094 0 4a9ce5af612ede394e6e47883253b085 3
1094 0 55f73c4e30428eac11000bf5a97b7946 3
1094 0 85a00946c7932ac658a30d86ee42b978 3
1094 0 97bfa5ae85c5793398a6dfcd8b7a5be9 3
1094 0 b9fd9889b000395716b6f632805f30ff 3
1094 0 da5264497bb9d6a0827736ee6091c83e 3
1094 0 db5d6c93eb78e83c18ecd294de126608 3
1094 0 e709c3ad7fc02253dc50189ec61e1a24 3
1094 0 e9cdc77732b63c0e30687213c887b1ff 3
1094 0 f72d3a0998419d3a148588f4c8cc0b2c 3
1095 0 0fac1897c5363d8c7ba79dc806795f39 3
1095 0 17df7e6dca1127543a7b531bd5f9cbeb 3
1095 0 1f589c8da6c6c422a5293f9b12f5c77c 3
1095 0 364dd1ba9f41a2804478e2a4d2f76693 3
1095 0 6b620b2b19098781d23f94e762708bf8 3
1095 0 7d5f6432c5441917dc08fbc2c57249ec 3
1095 0 97c4ab8e785e78917613073dc9b5f856 3
1095 0 99fe36cf81e59acb5c366faf02d9a633 3
1095 0 eca7b24bfcd2a243c8d1362a6acf4562 3
1095 0 fb42cca1cae8419d4a2c569f8c20085f 3
1095 0 fe4468922e471bab3906cd09b9d8d822 3
1096 0 0b2655821210f37286dd4a8f415ef864 3
1096 0 269c7810096ba2f61a1f866ec97bc9e7 3
1096 0 4ae6f73d823ee2180de1f8005824a74e 3
1096 0 82202f6e607eb78fcb5e61516a1345c2 3
1096 0 8c3d52a758395545c21555e442e97178 3
1096 0 8cc154ca22be5842aced10974d0b57f1 3
1096 0 94b78030c39bdf362b7a3419b607b04c 3
1096 0 958ff428252e0733a8e5749e7e01943a 3
1096 0 d52976e7f76ee93f4c946618db91983a 3
1096 0 fa3142f5356aab9af7194ae23062efb6 3
1096 0 fb42cca1cae8419d4a2c569f8c20085f 3
1097 0 0396b6b4b1f42bf429606f5d76ac989d 3
1097 0 110ad9bca2d25fd3308c9df3081bdd25 3
1097 0 6034a141c396e138cff7b048e784c86b 3
1097 0 72c97fcf38fddd0d57f321e8dda22cf8 3
1097 0 7bc3abecff0183a864fdd49d6fe84a0e 3
1097 0 8b7092442340732ed318a9240a1efdd5 3
1097 0 9059a1e45b99bf2ae36b00aad60d85b2 3
1097 0 918257767414e00aeee801871d9ee3df 3
1097 0 b7f32079517cd71e2e4e5c81c0d336eb 3
1097 0 b7f812b72c15fe59c15313eb39efc0e6 3
1097 0 f45d7c11d4177f8c89eb282fb679e3fc 3
1098 0 1786f6a251f0a2ce80abfdef7cb70230 3
1098 0 3b566b85026a0917f2f29b1d6c22cf32 3
1098 0 4b8300c69783145dcbe88d3685c0a4b0 3
1098 0 52dce7f185e30a1ded3811c60c131415 3
1098 0 6ac1083673b87933355f4f4fe6e25891 3
1098 0 918257767414e00aeee801871d9ee3df 3
1098 0 99e44e4312fdf3675853e0bd8383730b 3
1098 0 daec226fa4e438dde9d41bb5d6dc6155 3
1098 0 e2a3dc6c823796609fafab0180fc88da 3
1098 0 feed562e6568623314084a8d5b89690f 3
1098 0 ff4d346974fd94587c2d6e19b5375dd4 3
1099 0 074afbf6fbd23901b3d0e8a1325c6bb0 3
1099 0 170c719a83acb5ba48e7a6e536395834 3
1099 0 29abddb53436cce67ea50dae589909cc 3
1099 0 4222de1e8202b9bb57d163e77782e937 3
1099 0 67c35663d9bdcdc35b04ed33abeee237 3
1099 0 785b01724aca8cdd94dabcf4b4c47a02 3
1099 0 7db18b9a235ff14c14ee8509b16c0996 3
1099 0 a30a6f62a82458f00ef7d8a3cbab86ae 3
1099 0 a3bdfea36edeb70bc547d2d960f6a624 3
1099 0 bafb15f27b7189d416860410bbf54d5c 3
1099 0 c01ef034458c606a8ea27e6e3c3dfa9c 3
1100 0 0545a930dedb0a8835ca9b5019dcbe2b 3
1100 0 236738b0b258da5355d0af7a14897353 3
1100 0 3df7c617b48e4475e44469565d2b1175 3
1100 0 4222de1e8202b9bb57d163e77782e937 3
1100 0 51e0da2f6a0169a218d7200072421718 3
1100 0 7d00b295780c520a42150fd3b99b2452 3
1100 0 8ff3d2e3b4c21898e08c68015c0bbcd1 3
1100 0 99d27adfab4af25c6f771b178d80f134 3
1100 0 c961654d64341ff644d08d090a98e669 3
1100 0 f8371180b996d0c86d381cb7ed67ac3e 3
1100 0 fbcecb0f65d4d8f5dbfb01704cc6a14a 3
1101 0 132435eee02e6bd6795936bb281fdb72 3
1101 0 4c18199ead4701481d20251d6e36017b 3
1101 0 66fce63c574381bf135ad7aa9a6f69fe 3
1101 0 72ed79b0ed600b948e195d7b4e55c7ed 3
1101 0 73e99d445f8ab3d351d7e3ee03dea6f8 3
1101 0 88aac035bca5aff2b3dba895ea6563cd 3
1101 0 934dbcccf5b3a557f559a907d266c986 3
1101 0 97fecf7c5ba5b49c685ef23b65edc760 3
1101 0 b17ba17a39b1fee70597693436538df4 3
1101 0 bb87e9ebeff0b4043dc06d5ae136a03f 3
1101 0 c773ec86c2a0fcdedc8fd21f2010d7bb 3
1102 0 0ae0a471cd9721ca48a6b76f5466571c 3
1102 0 0cf0048247793b16680809af788f45fc 3
1102 0 2775d28cb5627c2dc346ab19138d401c 3
1102 0 4c18199ead4701481d20251d6e36017b 3
1102 0 6a9438407036bef5cdae597bbcde0913 3
1102 0 7ed0c57d18f8b49b8313491d007286b3 3
1102 0 8105bf8bdec8a4f9794738e8dae010c5 3
1102 0 886d080b160c383b81faea4b1545344a 3
1102 0 8cc95bfc9b06279b7adfb039b2e1f178 3
1102 0 cf30abdf969348d09b39e156841e9fbf 3
1102 0 f876a51f38c3fdf1fd2270af459cb6ed 3
1103 0 02da0781e08b21ee42c4e5069d23238c 3
1103 0 324a9a88bc9d462c814e5a4f25dd8fbd 3
1103 0 4c335a13e2185e37eae4c77fe49e06bc 3
1103 0 5e5684b8b265cd99ed4f23797a5f6277 0
1103 0 7a2c22c81003cd049796c4c6716df96b 3
1103 0 82d212e44a972a7c4efcd441c40d9447 3
1103 0 86778e3c30fb75968c0a3a8192fe9a86 3
1103 0 abb61009b4cb34419e81e6505ad549c8 3
1103 0 b90a4a7b8cc3177e12c73e4cf7a3b11e 3
1103 0 be590303cef0f47f2f73e842166aec54 3
1103 0 d14f60c36f56f57f590c4664c90eda77 3
1104 0 07dea198b08929b678601c4ab52ac7da 3
1104 0 178d92578e15d5fc30a1168828bf7fe7 3
1104 0 2bc441c49a8c42ac9d4bb6ce5c8f7336 3
1104 0 4c9300dd6c8ddd69a943aea5f9415281 3
1104 0 50c096b0494b57d891e0ab300fa68b7a 3
1104 0 5e5684b8b265cd99ed4f23797a5f6277 0
1104 0 6183e4c2376759fd1213ef76c9025965 3
1104 0 82d212e44a972a7c4efcd441c40d9447 3
1104 0 a3dfabf736192f5a5def6abad3e4e4e1 3
1104 0 c1a2d44e19ec2f10110f34a4d729f632 3
1104 0 ea83f73f147d43ca15dab08d72283de5 3
1105 0 520cc2066673f595f63b9ffced5fa7a8 3
1105 0 703f216d234ca283c05e7c2398fd2cb6 3
1105 0 8aaa373db5807fe18c1e8b88b6f5e360 3
1105 0 900d604159cfd3cf1057d5707f0334e0 3
1105 0 9ff905f97e720b3bb8a5bb3baa69d59d 3
1105 0 d808861e6cf4b3820c23a2bcdf54cbf7 3
1105 0 e3ac2d417071ced8819807095f283c8a 3
1105 0 e78edd94e06c9d6da27f7abc54c957d6 3
1105 0 edb6872c5bbf274808cc52a37208aa99 3
1105 0 f1312f03a9b8a8766893211a25b74aaa 3
1105 0 f60665e0ec1acddca1ebca5d4f75f453 3
1106 0 01f127a112e29df61f0d527a766639a9 3
1106 0 1bc4f9f9625fdb8e88e78a66953393f8 3
1106 0 64f6ab36635161eea2b7e5e0cc82f04a 3
1106 0 8a8304ef6d9041b3e924bf41fffef314 3
1106 0 900d604159cfd3cf1057d5707f0334e0 3
1106 0 95a1b62411c958857fdf4c56eae850cf 3
1106 0 b21223fd53e9415005f1599fd5826165 3
1106 0 b224f11092caa73861006d739a856b8c 3
1106 0 c45b1d7b55c3fc75ff7fdf4b5be21fc6 3
1106 0 c616444d07489b50eb6a892b12d43333 3
1106 0 d87b2a4cf4eca9e62add1366c1ed406e 3
1107 0 083b30d05c6a8fc5f1e24f1eb9ee8bdf 3
1107 0 0983e9bc0205a0a90f4571bb024e1fb4 3
1107 0 158da2bef1e473347e6d968812bfcea6 3
1107 0 1baa9facff74faa3ae0c4170dd557b43 3
1107 0 269bba7cf246dbe6dc77fab8a0c31d10 3
1107 0 2fb764a124920b0321c57cb474be389b 3
1107 0 5e5684b8b265cd99ed4f23797a5f6277 0
1107 0 971453bb2b54e149a402716b00009290 3
1107 0 ae026094f66e25f29b450b5d4b8dff4f 3
1107 0 d7fe2843a15a6bc2d8ff2c62e597a9f9 3
1107 0 fb25ae7d5819b8401e55d7fc87549b17 3
1108 0 0699928e642ce690e4e42ea32834131b 3
1108 0 158da2bef1e473347e6d968812bfcea6 3
1108 0 26f39c2e07e7705aed6d12c1e50e58a6 3
1108 0 29407d0793f73d9b1ad3b2c81aa7f0ec 3
1108 0 29ca75b54ae4c20afa090fb796267658 3
1108 0 423d755a3af902f7455976c3a7ffda1c 3
1108 0 55ef87be949a6b6ba6de1f5a5d5c4de6 3
1108 0 577e52bc62b743bd4434e41c5afd1578 3
1108 0 8f799764d38b99dd63bffa010327da4a 3
1108 0 a97df781decca9a9ff9cfd8c65b5c39f 3
1108 0 f1a63786bda953fb9ba238d81a1ca6a2 3
1109 0 067b3e731faedf135c5b0099e2abe4dd 3
1109 0 0894c9f1cb0494431ff808edf1fa5543 3
1109 0 1ae3f24803b433627dc343e10b7e06cc 3
1109 0 32ca23b0fc4d08d1c8139c33a12e997c 3
1109 0 3554b939969aa909a4ea6b380f87264b 3
1109 0 5b78a3f32954eb9cbfeab9f0d3813a5d 3
1109 0 89a4e614e7fed8b86a6d4668ab6a60f2 3
1109 0 beabeb18c54616379119f59cf949ffb8 3
1109 0 de930ae7a8a5d61330e56f3367ed5f57 3
1109 0 dfd6bf6b5f92806fc932637ca1a03909 3
1109 0 fb99dad30a4b44be9246053d3f924b86 3
1110 0 1780d979fa461eb66bac4163a750c458 3
1110 0 20bb0efa1a8ed4f7186eea14abecf06f 3
1110 0 32ca23b0fc4d08d1c8139c33a12e997c 3
1110 0 3aadb92cb6cfa9c488744b945f61c074 3
1110 0 43c0ccb934f33c9c30e0c1185baae787 3
1110 0 4c040f7013b02ecb58a99b97623f1e2c 3
1110 0 812f2de9e7c4ccf9a8086bc04a3746f9 3
1110 0 ba4b68afa995d1a6e06d7ba66c56e6cc 3
1110 0 c8dd50fcea24322701a851172d4684ac 3
1110 0 d3ded5779a315fbff4c9fc6ea393571b 3
1110 0 e8005bfffdb03d2bb74d2cf4d892013c 3
1111 0 04a20ba89953c53a9678d07f5a107b13 3
1111 0 0a38f3f8a0a1fa9ea5e6ba9094c53ef0 3
1111 0 1a1d2e70534d6b59b5d9d47bf875d045 3
1111 0 32ca23b0fc4d08d1c8139c33a12e997c 3
1111 0 58a21fd9d87a57a8027941adce9de361 3
1111 0 79667dc7032a5b7853e6664f40ee06f9 3
1111 0 7bec2e605b176b8ce61e5fc26ae5d6ef 3
1111 0 838a4ff9a3c3f3e97bc63fe44e722a54 3
1111 0 ce0ad1f53d5ebc30425eb700ac00b078 3
1111 0 de50ab45860596f1c26145498ea88869 3
1111 0 fdc53e51c37b65706bc4332e37fe265d 3
1112 0 0e01a863fff3e97ed32754d3c9cbad9a 3
1112 0 22eb57a2ac2043975a1652885c3c6231 3
1112 0 32ca23b0fc4d08d1c8139c33a12e997c 3
1112 0 38723f99007096e4073e6979d524701e 3
1112 0 687c67525d2fa91851a2d96066c06481 3
1112 0 688a06ab5d82f6d790d62ef3153ad632 3
1112 0 8b5b24a344cd3b51b684aa0cd6ab66a5 3
1112 0 a3a96faf0c6bbfbd680cd5548cb34108 3
1112 0 aba6cd8733207d8ccf11b2be8f1f3fe3 3
1112 0 accfa4368b5a83a5a9f738d3cb6de5b8 3
1112 0 ea8cc8baf2029c3d66e11ef149336c53 3
1113 0 18ce8e509fccaa66320cf86db593911a 3
1113 0 1a77a6792c07f9f0898cea67494bdece 3
1113 0 391bd0290fe9aafc5ef407c69cbb2e43 3
1113 0 6affd49d6e0f3859497b830fcd7a03f9 3
1113 0 83d1670d404fb0d3e6716566315fb55b 3
1113 0 84115438b007fce8542afb1346d30f43 3
1113 0 929692471e4708118c3dcc61a361e7d6 3
1113 0 9f7517dfe1b9119d0b7bacf5e0fe4e7d 3
1113 0 c10f4e742d00f76614eb20fd5da13dfc 3
1113 0 e06e5e332501bc4315d677f2f198b77a 3
1113 0 fa6afe9c00a96f7c46f3a3f8e2bde1e8 3
1114 0 0677ff0dce7d4f206e7f0e58725541d2 3
1114 0 5d3390119af870b1bcb499244ac060ce 3
1114 0 641196bcb82beb0553191b44de75dee6 3
1114 0 691bf0621360fb635020a7797dc195da 3
1114 0 695f9caee823f32e519403fd06626619 3
1114 0 788efbd4b7bb4bfade0ad512cf666e5b 3
1114 0 8ad1ebb41a7ecb99bf43031d2dc367d3 3
1114 0 929692471e4708118c3dcc61a361e7d6 3
1114 0 9e86dc1b3c8c302b924cc8ec9d573e6d 3
1114 0 c0777faf89f9b66ca17a3734b676d08b 3
1114 0 dfd0fac5941f63f2c258e92427ca404c 3
1115 0 0420ee60be9859a9e6bb7e1d1db0ff4f 3
1115 0 1e5383945e2b041f107ad968a4436b9f 3
1115 0 2e0671448262238db181f557a9cfb940 3
1115 0 3126d7f0bb76b02d5fbaeabb739a06d3 3
1115 0 3db091d4e883cb893fcd9a97dd85ad49 3
1115 0 5b4da034be1da20fb86464a2662fba4c 3
1115 0 929692471e4708118c3dcc61a361e7d6 3
1115 0 96c0a6ce648dbe51be5c6e8281b83afd 3
1115 0 b71857b9b21286a06b39ceed618bb9c6 3
1115 0 b9a2fb3b3af9dc9c34ea60047f5053d4 3
1115 0 c580d4dad1380ba48e890f304eeb41cf 3
1116 0 0e1b6415b1b917ba62fcd8ae4306e75f 3
1116 0 1e62d24bc9d8ac4d8c082f46ae9ba567 3
1116 0 50b18fafaa272767129ab73404f261b0 3
1116 0 63c577dad77b4a150e67a7c286e7b543 3
1116 0 6be974b9da59403062bb88387dc42b16 3
1116 0 8459528107f9d1d9298283dd0d2dece2 3
1116 0 875c4996fd5b0a4f0154aa2245bc004c 3
1116 0 907561d443a9cb6dad08a88de50e3381 3
1116 0 929692471e4708118c3dcc61a361e7d6 3
1116 0 b46053ca2b643a725941658f1dfc9c04 3
1116 0 eb2446de8a37a9c91e0669a9f0fdfc0c 3
1117 0 080619d1ef2b526331297fd80b215fee 3
1117 0 0ca7c8589a65624fdae0afc1e2b9a4fb 3
1117 0 12c07c06b4ff5edb324d845268a9e20f 3
1117 0 24d703369c7726c64bbcbca0a1ba731e 3
1117 0 6b8307317f203ba70f1e9ed06242fa28 3
1117 0 87c98ccf22e51edb382c99be09a3c272 3
1117 0 94c2fd0acfae686d8a078c2eca5b9603 3
1117 0 a29dba22f8055bb5411a1b868b004757 3
1117 0 a4c61ba82c8b45c62655c4e5792fe8aa 3
1117 0 d0d2648db48cb0d03d1293f974020a85 3
1117 0 ec51472af25291e03b03f52813f720cb 3
1118 0 02584e957d9a856804b5ff03674b1136 3
1118 0 3b6c487d02100062b5e79418dd706a7d 3
1118 0 4c42e9d874c8d941f9428d802d9bbe2c 3
1118 0 6b8307317f203ba70f1e9ed06242fa28 3
1118 0 71faed879b8bcd854c288b3e807cdef3 3
1118 0 7baf18c3d0a93ea7eab42f206619cab0 3
1118 0 92d2526c83ee3f77ceaf2959b65d1e4c 3
1118 0 d5049af245ae6e3f72400a2e8bf74cea 3
1118 0 d9a42a98efd3a781c7fe7b1b64be94d2 3
1118 0 e9a9e9d8c172a0487b8b7a3c3b596975 3
1118 0 fd336a4d4e253da416b5dc4aee43817a 3
1119 0 0a9873e2b12c15f6dafbfdbebab72050 3
1119 0 0e72dbcb485e51f2d6d234c23a7d219f 3
1119 0 0f5c1024bc2a7cf03f11d03d5b4d4ec1 3
1119 0 21f1cd8753b1ed8fbf74578162638ccc 3
1119 0 35f207b00ce6f42c67a9643861852e48 3
1119 0 4166f6e525b74af9ccf963610ee8423d 3
1119 0 59e856f2da0a713c51ed285f3182987b 3
1119 0 5e5684b8b265cd99ed4f23797a5f6277 0
1119 0 6d76ade830129b21a03c80f94fe9f87b 3
1119 0 b45eb42828cfab8d79d8a24e285db397 3
1119 0 edeeb39a0180ff1b7983358beb3e15ba 3
1120 0 0221572ff236c4b594144e82ed226374 3
1120 0 0a41b3bc88b065fc96226cf17851a37f 3
1120 0 0a9873e2b12c15f6dafbfdbebab72050 3
1120 0 3f81e97c0a8d818504e4703c577188a3 3
1120 0 432e6855cd4857b64c0f29a80732d7bf 3
1120 0 5e5684b8b265cd99ed4f23797a5f6277 0
1120 0 6df04f6170ccc37733c36052fabc0ce0 3
1120 0 a4a162a9cd239ece384ee26056fe4a9b 3
1120 0 a98b8b1046642811b5e636629c84e36c 3
1120 0 d09627e04c91c4b120a219497dec4b75 3
1120 0 f8e0477a03b0c6c2e82eaed430f9e6de 3
1121 0 23c77caf3b43fce349e415197dda3a07 3
1121 0 69958426dd761d5feeea7097b5dccee4 3
1121 0 76208bfb9d58824d5ad8b55b5ed23baa 3
1121 0 7e8499b51c769b77288d180de9719fbf 3
1121 0 ab488e75a17c40afb7ceb37a34bd100c 3
1121 0 b8a394e5a6bde79a38e5afffb3290e6c 3
1121 0 cbdf1db227ee1d26e2be72655193e445 3
1121 0 d18229000e523b213e299ce54d18e2f4 3
1121 0 d93988cf694c2a75d4f34ba4214038c2 3
1121 0 de2e8a2d1afda64ed849873f6eca8c9c 3
1121 0 f809f69f26d249e04449f58c8fec66c0 3
1122 0 2d816c41ce29f62fc43496b9221e2da0 3
1122 0 45bd9fa7cbbbc94928d89b4676142d4c 3
1122 0 48f68f90ba43dfdbe5ca795902e84d1a 3
1122 0 512bb579e71baa02acfddbf3cf8ac197 3
1122 0 82b6040a5793a7d02da94241d5cf4bee 3
1122 0 8b2538630e2bfd4e2dbe23b53da95c35 3
1122 0 ae76e2ccb303e41e628eab498740779d 3
1122 0 cbdf1db227ee1d26e2be72655193e445 3
1122 0 d73dee6817a9f4c1b16d4fd9623249b8 3
1122 0 f28d9a8ea42551f2902c219a80e96aee 3
1122 0 fa9408b97b21ac8b638d2ac99a03c6d7 3
